2
3
7
19
163
487
1459
39367
86093443
258280327
411782264189299
116299474006080119380780339
3140085798164163223281069127
84782316550432407028588866403
20602102921755074907947094535687
1910009901593650473786381403548828023839870277948686259673707683
152354696091732784678579455441231123500849602804790393448003131489914274686066076039203
5
13
37
109
2917
19131877
57395629
16210220612075905069
3187367866510497232065375864429355521950801431840733951694899540869109890815626195932616388528013
73
17497
52489
472393
251048476873
51688655113813386391457929
37681029577969958679372829513
14598402905120585018872415822852671369
848893289597177988349502846021701343928831234643860559854981193
1353410096150441601919344425977856951756646000511103699369673178973017
17
433
1297
3889
8503057
4518872583697
2401514164751985937
87590417430723510113234494937116028209
17488986921868297569631691985894954852953642973063012080630450155660410923542530567531502817713
97
2593
209953
629857
59296646043258913
4803028329503971873
2552526178459920315627553
6488179068942482230609962587934520609
8764567839850906680875134056440689113154583155191470113
1777065175213971200490950768266519824513909767115075149177508525698360099938274710921252129
688471459166267402126121186716740792741373109277598533566098300827727736416175258321445139922050593
193
577
139969
11337409
102036673
39531097362172609
2334271768138930329793
8139102388841511074744531174593
345025977583570792399330527265844167628443320487267412428993
251523937658423107659111954376800398201135180635217943660735169
51786548273396652146324519118199075893492266915348745198963730841275098916033
3057943888995798912588316529410537232434824869084428055253609342446453315892773569
14626050824806347329143627722358187856081561869259877771008300623031770369862343299763393
458980972777511601417414124477827195160915406185065689044065533885151824277450172214296759948033729
1153
3457
10369
839809
1556181178759286886529
165128970005773141279769092588169010551480542930559114983694904492108479058209772673
139911895374946380557053535887159638823629143784504096645043601245283287388340244540252022541697
257
769
5038849
1952152956156673
38424226636031774977
115272679908095324929
252101350959004475617537
756304052877013426852609
20420209427679362525020417
44658998018334765842219649793
10852136518455348099659374899457
71200867697585538881865158715330817
467148892963858720603917306331285483777
2972321460103916543035843666587042189926649772750064069706508280857952623047775908097
22665727050741313650242672813719861489427921293089663656497063401735892556911119615520827651754753
504202701918008951235073
122521256566076175150122497
496524149651212084672932834388009377566802433
29319254512754422387852010937777565735942116807169
3159226978158171023095023588029368576913617363760133598537792934574862399890266152748892673
135994362304447881901456036882319168936567527758537981938982380410415355341466717693124965910528513
746497
7808611824626689
723932210191467219453136072537717672492397945857
2524195537877061124092038608254918464588519948695143392257
1341461000844923240848597090009602123739387630054495699523920897
18433
1492993
120932353
1088391169
29386561537
2380311484417
578415690713089
8299632953382863394817
1071815952440034380213271595009
415243460412318862759037605627809318913
662032199534949446230577112517345836755736577
17874869387443635048225582037968337592404887553
12289
331777
995329
725594113
14281868906497
281110025686560769
1844362878529525198849
4033621615344071609880577
714543968293356253475514396673
30758774845356952796965748565022912513
1788614667793230987798129453346136164985850173405994266031894529
268461466249288244726546307108744009431863911689167895111427980681170112780709889
1284042870764891946591484463965602226048312701828027678113211577330635533156639192297473
1990657
483729409
85691213438977
11066177271177151193089
2278427766322737244219685078890586113
19886034536984314424188615341388445143101030495493918156402072643049637983756289
241767755207907345602588510013011855887231160459623079002635342951849520607051942565555494952050689
147457
6347497291777
35286121891029938443235278849
952725291057808337967352528897
6250830634630280505403799942086657
7265099583373930822832121948064151843684353
2654209
71663617
1410554953729
3084883683803137
871262268914319467734204417
211716731346179630659411673089
59795058299373916237301415210404541923329
68439108072002577795822651466732124375249654544363959908866436309549057
65537
1769473
5308417
11609505793
2778146948724569113512799974260737
4295383459988611915624740913739904150909822587026686321782847690898721804491358209
98264595928631751502347613682065480216321154482395195448919511437016520086186838415101557669889
1179649
69657034753
457019805007873
4113178245070849
177058836338834419089409
10295924767167533787777935253869762453225215229953
30887774301502601363333805761609287359675645689857
786433
63700993
1253826625537
33853318889473
666334875701477377
1968561590102844979005807908161466400769
3647784369458854215806995792834533618602974404680613889
27816535313520328322236509258439109637859941896810022825328023699457
636353105183498061574035690924430244579232975855805381004866324577588415480201217
14155777
3439853569
22568879259649
1332669751402954753
78692816150593075150849
516303566764041166064713729
376385300170986010061176307713
1129155900512958030183528923137
7408391863265517636034133264695297
1312374393401896652670538605440977600513
4575966563185570572345749001719894423655651213313
30022916621060528525160459200284227313604727610540033
270206249589544756726444132802558045822442548494860289
47137267050629486042521162290698536635498738952281880074434542561302845591126017
28311553
6879707137
5829097492636524085249
1646309302947892808007585169932289
20015277747373685683440306133522818209069818407026689
43773412433506250589683949514014403423235692856167366657
6470096851267934255298608308284146845519088360980753609805399930009318194975265080829732192257
169869313
123834728449
90275517038593
270826551115777
7312316880125953
3886064995091016056833
13549870806155496362202347077633
21602870673282249426675532599851483137
1972289849494874029964520136651165019210208310007850513581892982779856178928597799368916993
113246209
863569998909114679297
458936503790258814279745537
1859865493343726290645023218704422871983194113
18345885697
3249918613389313
101985889731168625395499009
2297578871809876080951331142091588006878795046634512741040129
2629719799326498706619360182201553358946944413343800684775857310373141571904797065825222657
4076863489
19499511680335873
58498535041007617
325196899347731912692856329863169
91845209547838335340494973763181376394231809
18910114171274700254743466190054222278837819313864302395393
10049609985296397978081122415508605942087849533979358729309519873
3893424814762813314606799727885205297791980347412705274815512821165457409
7214594785532232391273964834572162850334552574331414773047619507196547522372557107888129
2717908993
17832200896513
5036340233637956809654273
32540206671541835181125326234452582568217964183553
32044648681175418227216458665721854302814653065125146294777883301773313
2595616543175208876404533151923470198527986898275136849877008547443638273
1811939329
511745184538734624769
2042292330497667627512294348525856006114484485897344658702337
162906394926975503762953136876654142612283641819086177537245779091862634362931511297
3726775786330330131051998385571668583018994895924914079247910359685367280305752686557925742739457
10871635969
880602513409
6612855087444360144515638110949059100384690177
1761205026817
142657607172097
3851755393646593
34665798542819329
793042278549567231075400286209
578127821062634511453966808645633
17865973307193596405477550960904188341489510282629971074328035329
12281884428929630994433
110536959860366678949889
78145767245664790677558807902994919805675117976223493479110826524673
703311905210983116098029271126954278251076061786011441311997438722049
76955677712343812173588958235436403736901894126201757579174608076763173571973942484140033
3221225473
2348273369089
1711891286065153
33695156183620386817
101085468550861160449
99546028062484605358120854220115634290689
1210247306961580816303581836163470225845620436087315353305089
1191816332341841819939300498411735839870387868818188770277061026735163305810198529
126806761930753
1141260857376769
92442129447518209
322325774952829235817873409
163589609276502831541377158214394231353371518065291152998536531563692390905053615870855450984449
347892350977
84537841287169
61628086298345473
634834088394658573873501258651109673636930256897
27327525884414205519790497974303154461449992065060438017
110746305842142245393260081148734728470527440993072505594752364690928566273
77309411329
56358560858113
539122498937926189057
530912149666584561909977889173950049550337
149945272342464776514625503288357500474348378957807617
48470995341186024160408046878339031512110079426752934221788601944797745453349219517290503995393
2783138807809
25048249270273
63669288879571207075135489
33836470551448201859217078878209
2740754114667304350596583389134849
11107057210552946408490778021359814849951731774652417
1434367178621132819322763657675223971372587183510892270583809
71763606185708175014832532584380104048901781763510983625399532319721710944257
114414367904816814714172847847526640627557235406546121946597858566575677357779058689
212012133622347669677624797045854923833969487412617334286103344906545338612949486168628664475844609
206158430209
5566277615617
150289495621633
12173449145352193
19112837387997044228759204010262201783812097
1799343268109577318175506039460290005692180547493691393
5398029804328731954526518118380870017076541642481074177
145746804716875762772215989196283490461066624346989002753
76276245269877876476115231898351093751704823604364081297731905711050451571852705793
73040694872113153
135345882205792807436868315512833
888004333152206609593293018079690753
20314690828629074363952040276835509556381768220673
637496523831614586365672736744543987276705414893729898037249
1314732507698036737
698702758623552341016577
15984077996739718972679274325434433537
4514375739695349858656008950407891012529281826817
2362587857965701235056215064506340874037918741185546786021383780073142747137
44530220924929
97387593162817537
1916879996223737561089
4128372875807361553411988066216635585303412737
2193986609491940031306820349898235032089230967832577
29686813949953
47330370277129322497
11501279977342425366529
6995846626410036613066367481421607542131197968655472132097
188887858913070988552791921998383403637542345153697747566593
558033801700066768915337773376139689084260254993061408671106763318156024302534657
6597069766657
838972285892874369437989750793402547437569
49540474509688338640943856794599627023640952833
39582418599937
301839591725374611319160833
160409934466124808814066151718913
891728541174390095536989422302793286425537150977
79164837199873
57711166318706689
378642962217034579969
106939956310749872542710767812609
474989023199233
115422332637413377
134150929655722049475182593
213879912621499745085421535625217
4892886371327243322562356226627123656655896577
396323796077506709127550854356797016189127622657
460631876636051793452929546101834241457198220158384996353
1606124042057941747639748669099885990600626263213220554632595505153
390288142220079844676458926591272295715952181960812594775720707751937
175740469101798627400969494293800920003927913584454843309974310758260240421548634144769
227329109286964892055883012628400832513
1899956092796929
51298814505517057
2174616165034330365583269434056499402958176257
595611590752493864883094080041030019220808655995940055717338340697674696130755209428465713095376897
3799912185593857
53694226297143959644031344050777763036004353
20802243408516172148686889243479561785734930657968129
2276160445427505654153108459880300028615433125195459052732003167609290753
22799473113563137
327147519355517877092353
818901114019647632805208081958816429257241280281573326849
2855331630325229773581775411733130649956668912379058763791280898049
18448531484430412710044173632986045378332336656441731631307863246159126998492489417981165569
121040815069347937790599823206021443727238460802914201233010890758050032237109223071374427291649
136796838681378817
44904515414709114480174422247585349633
1637802228039295265610416163917632858514482560563146653697
2571419758233907671161876459717251687300271255008026971156459965370062959986079694849
12299020989620275140029449088657363585554891104294487754205242164106084665661659611987443713
4764892726019950919064752640328240153766469247967520445738706725581397569046041675427725704763015169
30399297484750849
22161087866383368193
436196692474023836123137
1520923823086220409496330920001537
123194829669983853169202804520124417
2424843832394292181929418801369608880129
1474951968637023663891214282002434418542800665126657466170338052610820407297
4357469342496525760461593635416771974180584588904911244388392067289801160535932030569479382499329
112661023932312622925654142222337
31818800768677902011277833511572007725039617
64621732218373901647873
47109242787194574301298689
225322047864625245851308284444673
33819630598613905845551006238446678714805557133313
6566248256706183169
59096234310355648513
147927064238337224168440101286965772698559506901106689
11619918246657402027897583027778058597814892237079763318369045512772803094762485414851945019998209
20937441238753144133910529
1236334967707134407963282767873
11127014709364209671669544910849
24334781169379526551941294720024577
5913351824159224952121734616965971969
236384937241422594049
274741103934918757325173948417
1748091222088324342389587297188070421976652640150112552498178432723935297537
2787022041473523530531593988414775999377082767202047895036553333395722695373488129
5164408109625512012398925790123581599028840994257672585941798005676801375449993517711975564443649
1945555039024054273
38294359833110460235777
61053578652204168294483099649
10650748625160280140127687292661535634296284496879681537
12378954721727020305795771400086054740789975131992735584524173313
4522487307570679132924674049
494845989554478732079392866771967864139816108033
16760520569509347561496142755066736579444737
452534055376752384160395854386801887645007873
8907227811980617177429071601895421554516689944577
15564440312192434177
24814745171855578232782849
2715204332260514304962375126320811325870047233
4954705851508486276500611534959601776670369363914751813398317037147951458441756673
12594197493371161743390155866785140311608208490797555460306167976044630697637539442675142361089
743674767786073729785445313777795750260153103173104852375618912817459398064799066550524481279885313
378454516746190396935791015485822205953
22347360759345796748661523673422315439259649
16291225993563085829774250757924867955220283393
72359796921130866126794784769
28033667907125214587836371517468311553
252303011164126931290527343657214803969
6812181301431427144844238278744799707137
181127824003321742014387144399978853088833655337799514725548033
83010348331692982273
60514543933804184076289
8944583901398604543920352809875498917967094090755531591385089
10395945206944125468969735187963469459753347435648555285768076940804097
498062089990157893633
4482558809911421042689
672808029771005150108072916419239477249
3120751208807729132171569178963514936646492166077889918179810375749860113808291090399233
332041393326771929089
242058175735216736305153
19606712234552555640717313
615279405369003338004639155390251009
5537514648321030042041752398512259073
16359549888246190295236127681528118734279092987207190839297
18724507252846374793029415073781089619878952996467339509078862254499160682849746542395393
168520565275617373137264735664029806578910576968206055581709760290492446145647718881558529
221360928884514619393
161372117156811157536769
62518864539857068333550694039553
6840750959601113992265526990255683753868817877434369
2650247081895882827828252684407555234953213063927564915965953
748508054899977033765820933533369801102241015366695980575301539737894913
4161001611743638842895425571951353248861989554770519890906413834333146818411054787198977
1328165573307087716353
199350527339557081513503086346441326593
8581386531588785951486025090594169128675704833
3324604966366141400241046117264262304380245488433102849
196314598658954283542833532178337424811349115846486290071553
645488468627244630147073
12511661563056449917266624582086298589609177645057
286226684844755345405451289916015965374947010904177010924322817
327603978895800173378842646130873943989402161626192572050843774004717315307139165505749778433
3872930811763467780882433
941122187258522670754430977
6080667519645434659791579546893941114550060335497217
257766539244255954231398984494164112142989291705974996541171398975740603233468417
1853579490823177765520981419568340531793952243713
381635579793007127207268386554687953833262681205569347899097089
278212337669102195734098653798367518344448494598860054618441777153
107785159905596692862278214428805251358722706212804221202843421722256867329
821926244295039771436133446311378419528294233041090348821020016658399371537986130804737
7862495493499204161092223507140974655745651879028621729220250576113215567371339972137994682369
10327815498035914082353153
324097793774619042241126797901037569
35462452974572174935904491917485464580055951876619763713
103171665865696557001852156860703869432694443956613574330828128059757614675046723114394766222032897
1219694354687045381297742544897
216065195849746028160751198600691713
23641635316381449957269661278323643053370634584413175809
12564134314173074146741346059413595187926343414175122564579329
4124264627908095267702383751906625794287828667295599944658742383611849651735494657
197590485459301351770234292273153
45854073718087358667489847493646164192308641758494921924812501359892273188909654717508784987570177
82622523984287312658825217
43908996768733633726718731616257
13384848885454544650729684993
17805589610822540526982313843095521174044703654327043495580273737729
116822473436606688397530961124549714422907300676039732374502175993233409
68044979998568817156609053472918639476737
976371089816324090480187743640936576418213527553
42029573895789244368479397828130920983770017038956756993
73442243541588722363400193
2107631844899214418882499117580289
7348857839845432252913777775075213063487489
1927418239505454429705074638849
2240163950570166819970668427091971670017
1898065398602934031893484973637980704557007097561089
7692014711875337507656359580217265147187311978669282790090678254698497
613564653661270009217987873137658744664193531788241781033496158355428497255620494701212205057
21760664753063325144711169
922459783721025939500233697188058622414705449414688769
6052258640993651189061033287250852621662882453609773006849
4412096549284371716825493266405871561192241308681524521992193
1055811744744472388531810240488096203337684138827673585832638050204633510844286631937
1956440478638393969812900159728903005538502048362450002125333391355403656060145267947041492802994177
19596954239587819341103407400200568169299969
5534758702326155637001402183128351734488232696488132609
3366609896632482903802402596091406006387893178536306068770897988232803825819591191776198657
571086885779393905097799892993
5882795399045828955767324355207828748256321744908699362656257
4984425533295218704961321007980787815377378162177695247978759509044625409
56274456053957658949474967207808066920437581919848433763809260208129
3272344819526773382495935323400846638209032169537289498845312844562285318696642638406465093633
1410980705250322992559445332814440908189597697
132834208855827735288033652395080441627717584715715182593
70593544788549947469207892262493944979075860938904392351875073
121476185510587778041183038312830765091648454243909633
14567951311943370063315833900714950657
999803995971915868651712249488319054252250652213249
8861200948080388808820126236410289449559783399427013774184461349412667393
1824442694918448287382968095563430239367518191894219956318798550753606706738927299985409
4440771623820567006040491967905793
7080024337604477850771495275747466018817
24686518419059651077820055542921458129685201289217
50136571591057901133414531073
2960514415880378004026994645270529
2158215009176795564935679096402214913
7410627957722819285527567698147564368123467577922427491530437558273
123588388959572442370435949503864941954479716296243455863354065318877996696907808769
1438810006117863709957119397601476609
3146677483379767933676220122554429341697
557424476148275750146941366050149494593421313
40042638022901471328021247639252241193251428079982879699726717163316470929798130040833
1256580410698280978878439164185925109072268353102319167556600132311917562379510773148082595954689
133697524242821069689105416193
4195569977839690578234960163405905788929
243971290789228618453582475659179073847686175404853579968080248833
206714095716819310132155904842979232279330627141833377324175114359098704920577
50231525259187092362113884876843953443877342395465510689774552789260985295699969
584792971038099358820147090423809
1278942227660323297739661686756868097
87774287712212092721137975263720740016658493472769
7673653365961939786437970120541208577
13003598179586976699427848187217887409875332366337
48937128221522150904532575345966485122056193
3963907385943294223267138603023285294886551553
32624752147681433936355050230644323414704129
214050998840937888056425484563257405923873783809
65249504295362867872710100461288646829408257
21092418382433696831221068715326283426897871581225549800679093814421844769605599363073
37426750146438358964489413787123713
5137223972182509313354211629518177742172970811393
109136403427014254740451130603252744193
147427098030034826327906881460549574463819872172756697089
2421225198197052395979086491494610524385590862535586880910502831899314474940057375519834898433
159120876196586783411577748419542501031937
231998237494623530214080357195692966504562689
123293375332380223520501079108436265812151299473409
228465113642588116411951033447644601390060030740347568255431344129
1642875177895785304339727354167297
43682103120010318911972409321644318359650332495631613953
1593217188843337067146325906802152892637448463278048764622641588463946694657
2545934019145388534585243974712680016510977
328782334219680596054669544289163375499070131929089
26225797347215424973602072539953134035184336844083107236586692814221344769
17754246047862752186952155391614822276949787124170753
6878358685689304857154823461423400946183979956092136459337729
377175410243761264382999107364841483927553
3945388010636167152656034531469960505988841583149057
106525476287176513121712932349688933661698722745024513
77657072213351678065728727682923232639378368881122869249
7199545474537368518390124788164704743047806833058320998631797355322656348025377915928577
194387727812508949996533369280447028062290784492574666963058528593711721396685203730071553
2033364291247470178562404668249105875263214291084286147283687562251699490570459704420561506382381057
14847887199655905933701142860524349856292012033
2228588214163334773718162801501181906563609505773852212825423873
6208648728292366491901219874318378336257
502900546991681685843998809819788645236737
139870919185148933192544386879750048187649796501776571928462361675847172097
3199797988683274897062277683628757663576803036914809332725243269032291710233501295968257
459899905799434554955645916616176173057
31563104085089337221248276251759684047910732665192449
203931800171947144594729716070675570257593403299590241871698123323385176915969
11012317209285145808115404667816480793910043778177873061071698659462799553462273
8027979245568871294116130002838214498760421914291669461521268322748380874473996289
6817630482379296839789627670380091754348718255681568769
3623168361186135891834639518774466342022837178517668587634689
1788090833748201549667551323803692960841729
3313368414436338264137759047804724592613477072261242421249
13427608241774297586484261140456004626014380464170550905132386720881328521217
23463327920443900734737608470952059032165154817
43478020334233630702015674225293596104274046142212023051616257
95086430470968950345308279530717094680047338913017694413884751873
85631778619401293803905386696940954653444500419111140922893528775982729327722627073
1685490298565675665942269726355888810443748101749364586785313326897668061357564468658177
2900363380223248278680600406338496999219106180260838995508595531710366960582657
1541372015149223288470296960544937183762001007544000536612083517967689127899007287297
124851133227087086366094053804139911884722081611064043465578764955382819359819590270977
404262621567377679523687819056670588110872302714184292296074611356860417
32745272346957592041418713343590317636980656519848927675982043519905693697
91225418954685886056659821735061605517058121924609
215334935317156371410416743765415821313
1391296650695476182464501575209395075336769476550784737651720193
728131808980371887687060521785743966111699179955725501491255357219792602506467850460332033
176936029582230368707955706793935783765142900729241296862375051804409602409071687661860683777
1078033657513007145396500850817788234962326140571158112789532296951627777
257972731130891877576199420505558372729578349263233810825342825530829200312426520610992876945409
37077851528602707333906344250393377236014071809
27029753764351373646417724958536772005054258348033
243267783879162362817759524626830948045488325132289
1145822569964740060713323617318912394753227132942553677237963666848540033810433
45804004961167940163440381076852512768288707046939415231332353
6874935419788440364279941703913474368519362797655322063427782001091240202862593
12739394129920586546972810889163376431090288852505373374091003729917491373453161511653969231873
3445358965074501942566667900246653140993
98874270742940552890416918001049005962704191489
180425805156927828920162790077505221327422157261666272232598710836638507883925864449
1623832246412350460281465110697546991946799415354996450093388397529746570955332780033
95885670318402882329160233321579452327466558677297185381564491485734005268341445328109569
65916180495293701926944612000699337308469460993
16017631860356369568247540716169938965958079021057
7102642245807620913271128394191070542775300642762754472708480850795111501358625579859969
111700057823302399423113259751507423303249399901086822694913
109998966716615045828479067262615589896309804762485153014844512017459843245801473
2165109661883133947041953480930062655929065887139995266791184530039662094607110373377
13191553428816366767070829750133523677267147629518551586623717377
135886870719152923167709982817742681931629747760057315990304039785786574650167056124309005139969
408596462087983171186513981715619289632370918705393041409
11032104476375545622035877506321720820074014805045612118017
2680801387759257586154718234036178159277985597626083744677889
134124635533138297001651049855345941041072769105301207760822450257533721378817
467663686966756932561061951880893533680678231622238977626895858488567012435135840649217
60394164764067965852315547918996747525168776782247695995690684349238477622296469388581780062209
6327953327548195384986682752067136381613068255233
1302869474450999186871193061741582585409101000446276699913453569
504758328894979111516239995993331116873078174643285737309776438993354753
468737283522088547036050574227195287526893944833
37967719965289172309920096512402818289678409531393
196002643346460554954903773880698489798657
386035399837333092406279425701209654936029926058156059233615873
281419806481415824364177701336181838448365816096395767181305970689
1230930233549712815768913265644459361373152079605635085651032315789313
294560779218133654515180236763892077549977268256656953492166117844174864184344920047952592897
49206165075014767313656445080074052503423218752684033
23914196226457176914437032308915989516663684313804439553
17167953348241702016211334381484280453257314445478554593385273632964316336488449
75092627945209204618908376584612242702547493384523197791467186870585919655800471553
618046320536701272583608037733434096317263320037227965361869850786715388113584129
1436662846361877296827582316178104935467043527543518139269824077276877862200737302474391553
61843624718405597032771121069052669465772827425021640699587260773620201085231584653907742783700993
324195617066591029667532711939281477892517420143047923792864478232577
85028253249625517917998337098367962725915322004638007297
24014490153080817012409830514020850214260549640225772132804776165377
5746651385447509187310329264712419741868174110174072557079296309107511448802949209897566209
5419081083242941423393179540253551845953241089
229721123905981604530057669287631583856903133704322042224538254901864562689
43922249937047676291558903546448742961610516031505756072802516993
5108134564842230388720292679744373103882821431265842272959374496984454621158177075464503297
10534693625824278127076341026252904788533100675073
1152695527347879216595671864673000810284506382730837062374629255938049
28901765777295687591430290881352276511750619137
86705297331887062774290872644056829535251857409
2720904103988016573375946787147774807229290304148416233473
15125670709858871080168406208239116632553292754194043932479885096419065857
756760676272923020551154471073240459834492063891235892290277703256956240171581788957704193
3413240734767066113172734492505941151484724618723329
7464757486935573589508770335110493298297092741147918337
41497038984523651797444187128228029170242229778310134245486653213769729
27664692656349101198296124752152019446828153185540089496991102142513153
19860427188106591751344497938846122627896409724761594757266048044275559567062992469405988814849
168555098013188450033221456420046476616529610801153
462428252436731001462884654101636424188009906177
81917777634409586716145627820142587635633390849359873
856888887660738083420140169782874424491105936904852427574870017
149483590374898374429857673298417868609282382990861410822770904347053084478337143497818113
57913005680518821546920555989675293582945930757404810312187796097107531697555686040787863384096769
1452064388146451623696166995990955196725116104402628217518068969256230322177
16647417087722316052663847547658911270768356622337
98363351667019026482830665785429402477611211326364762655968363173380097
1271067340038821872086047868086151848185370222384742064465027074833635812292031518041983284150273
3000317308347648488891802693399876810092456958663686810218926114159865161141618475009
14350424675990243945266336636648115386491108767122695438986006817317096109920365775790538753
928735267494576323712323170013107134200931090482659407691777
75227556667060682220698176771061677870275418329095412023033857
2708192040014184559945134363758220403329915059847434832829218817
5922815991511021632600008853539228022082524235886339979397501550593
438727110482297898711111766928831705339446239695284442918333448193
35536895949066129795600053121235368132495145415318039876385009303553
8635465715623069540330812908460194456196320335922283689961557260763137
65850585642746743240423653078735293499971620491932769497260381106389358817923039233
52614058943912505055332653977786188707613571547137
12785216323370738728445834916602043855950097885954049
27961268099211805599111040962608669912962864076581502977
14633463476165942942316367350830065222215915664873948777168973579197635292871786497
6604339679961431635287631431204317398762176643432244676919297
3209709084461255774749788875565298255798417848708070912982777857
37929937330222124106484024173351529055983653403353275230421979517280270679123670597633
32137603856784039432496617701733814630662200190666070963263894435299828933013340110493602048638977
163754016533296726098125044782652576354537630073785527750382122870767617
483780571793053820574575430977042638872984209959955230601536493199430663919619903025827545089
134861999396345330156387641505249881087941878767478311930389260505885406859106384347137
507533289288351219256277334662737278787078448096696761937408895835606988768673793
27830633054652288043351994179231362207129501575615714194096129
69664402338199750162738862060694139997709726234233553206621255020718015604425266035719166492673
1293043112605593724239855304158073373678311134342414337
4508562554853670663023023057035480677554979255249745699443572737
103141449837596142713260648206622421132363653527754257366744682382890207543297
4123056748837376006422517656182424030685852085276402102829057
1256837905452637099961139355641647319215318422580826734593
258771779213110875809382786817031231770133538882031451259863107746398209
1237697398051153712559127778479469053588363842333051088400936188594682490519553
270855196290920628632728695691978816311095415598700054867343439520551644670005434346876119323508737
5027351621810548399844557422566589276861273690323306938369
194892783086726868194410496510491115054238124069131556583965016000873083687170736129
8917043499289568020830574343768849919706844957981894810447520642651905997366434052572053311062017
26812541982989591465837639587021809476593459681724303671297
57746009803474627613158665632738108164218703427890831580434078815073506277680218113
18999045498642628637594961359688609933400406408953660889836290049
7360619497617376023022443713906666148128242883755561280280550620341993473
132491150957112768414403986850319990666308371907600103045049911166155882497
18467072224680635035742302441617328855265195029502958384920873926657
673549458347728056479882675940257293627446956782918659554183095299017377222862064058369
242324921732259292939010492638902589238789889177137819926931707665580033
2353913150770005286438421033702874906038383291674012942337
664814600088502861286722887898223838789547021062106501857151461359617
28618088606736357977511261159669117983922608332041622257730780811889670619137
159089687863899976028322368526385011725628461404298255712059830377246708430531128082330288129
185328290186424056211869764825494747102213993320078386975997953
3090753569527526661571216205244264742263641699860495203834924327684084426866689
133046806587205542020717565617828601210359892697860475961320117589929358463775222530049
4175149768300190970887292239606448247727393341094403422907298188420462616050858925392676081631233
1014561393696946405925612014224366924197756581885940031766473459786172415700358718870420287836389377
7295633471478769396836465162120426214425756061038205781697135378433
143599953619116618037932143786016349178542156549415004401144715653677057
3491680392074622244791711792074293810164685023962650331128885166030106083523316940078579713
33917734645020868714087420633681917610574943208345626379532777258535905918977
2747336506246690365841081071328235326456570399875995736742154957941408379437057
12970015060406701149931493621547424381201344108512365834128240672769
2262608894064355214625029241264142388986715895527797414571517587587508742123109377170919653377
55866886273193955916667388673188700962634960383402405298062162656481697336373071041257275393
23722021143862279195119329897663327629083391144970033532927737857
640494570884281538268221907236909845985251560914190905389048922113
3016811858752473619500038988352189851982287860703729886095356783450011656164145836227892871169
81453920186316787726501052685509126003521772239000706924574633153150314716431937578153107521537
16809139518287084690311215733525461998036941964632026121030199911907329
723578339093778532567198306851880909025598788444706696096699248182099326271489
9641628265553941653251772554046975615133217962696757011808257
92231218207336541510623954642115017821876224771643490376023044784129
3909788168943205810872050528904438048169045067472033932379582391351215106388733003751349161033729
8550706725478791108377174506714006011345701562561338210114146689885107437672159079204200615180763137
6247775116078954191307148615022440198606325239827498543651749889
588185410023901667483370060947522966235308673226403858027088755317461221377
2383653814322942119111141916722717907739091643025169292717318940009885753018584364426977083393
5626545164793221869242534034080225948583056178946039268847933353864004361087090689
4101751425134258742677807310844484716517047954451662626990143414966859179232489111553
925596313493178398712170165188509659052788924418888673133592577
1475699491317384664169983274273840285150019596346295846016368716546049
19069230514583536952889135333781743261912733144201354341738551520079086024148674915415816667137
2468256835981809063232453773836025757474103798450369795022913537
7292002533572015542538324108167972829363640807914066892426921626607749651968869531649
60016481757794366605253696363522410118219265908757752201044622441216046518262300673
540148335820149299447283267271701691063973393178819769809401601970944418664360706049
29619082031781708758789445286032309089689245581404437540274962433
141667151166468927760318394330288667374401881249244401217571396788420609
360098890546766199631522178181134460709315595452546513206267734647296279109573804033
42526958775791994644083506198835617540848753191754838116633806926376395970282447108571137
1700005813997627133123820731963464008492822574990932814610856761461047297
30134092665020897900861843490420532562034936326639177231389315982347197667790498631768204115969
1421715937525522020421893373729550836305083787907413001933198196737
14871650860851242160567183763216383146295211886020680262215774949261241745409
113405223402111985717556016530228313442263341844679568311023485137003722587419858956189697
43365733910242222140213907853538973254596837859636303644621199752045780929609729
46092657989986073552834838807185210970792396217925953690402270034853923726025446916097
36266790698616045506641508948553898847846881599806566711698277577835675649
11055263130198459230800642874120987303108331534768043503032549177819137
5222417860600710552956377288591761434089950950372145606484551971208337293313
87095211572822005031083020695215344723658246536713908462866036585218858947138451678353686529
26549371002231978366432867152938681519176420221525349325671707540075860066190657423671297
83558685769611368847302036617468182945439215205954329703752831539333396692993
141596645345237217954308624815672968102274241181468529736915773547071253686350172926246913
9780989280759264026021637573878305822602852808744539736699005429386991108097
10740367765446141569274965319351786617535468368135094403748277934237108427764635338998284289
166336599179391489064094883004782743189436246385024222150753796620763262127284682753
422805317454552809016078284761602431985901247780006126297954709159178010367382634755006459281409
3650734687064833779184524181174929891674869605158281967643430378507835657114615809
182651897140366813494945819017012250617909339040962646560716434356764900478709298214162790409568257
15968313521221582950153108768459143346185879652962325326472364475593273164219329544193
32994409775450546900812693461048688489068958826911010008314709813976397090092959761402729332737
6131832392149087852858793767088311044935377786737532925365387958627816895060222544969729
4470105813876685044734060656207378751757890406531661502591367821839678516498902235282931713
854675884671785502945805386722251533853467415565176208245741359760407799013572609
2492234879702926526589968507682085472716710983788053823244581805061349141923577724929
112549910738671341951710997428444646433378425095002628246352771655691562010017793
358881822677221419828955465106220308071206381665479750547219779928834276436995192389633
218797026475977088754126179000896392666487658384685109310909788098664396547474587649
17722559144554144189084220499072607805985500329159493854183692835991816120345441599489
232555421094839480049163141388830759630141735319230878354598417393884611131172884668481537
329571961445500234978152824060857620609605743892766339263056366768595817664431064002939989262337
19208518099399909026425343561121219657963251216213781887377539695904693249709703169
307336289590398544422805496977939514527412019459420510198040635134475091995355250689
569500349377824406042248079977161968413398725446700234246561401776133572924136878597080301445316609
16596159637881521398831496836808733784480249050808707550694194297261654967749183537153
1959973260914531914159202113433437842479548452402406744321882958118006928381243077370576897
476273502402231255140686113564325395722530273933784838870217558822675683596642067801050185729
1639126877815458903588295983882344077479530770450242721056216720717200490641894670337
2613297681219375885545602817911250456639397936536542325762510610824009237841657436494102529
364250417292324200797399107529409794995451282322276160234714826826044553475976593409
15679786087316255313273616907467502739836387619219253954575063664944055427049944618964615169
19669522533785506843059551806588128929754369245402912652674600648606405887702736044033
1349926754080768962470513967353272814016945126984770925621478878284168469153509638156042196018528257
2322931272195000787151646949254444850346131499143593178455564987399119322525917721328091137
250876577397060085012377870519480043837382201907508063273201018639104886832799113903433842689
355536264449256023037501621031314650605285959370474647077261926790892107102158917045212759445209089
48168302860235536322376551139740168416777382766241548148454595578708138271897429869459297796097
14683219893380745716316583185410811893545917624216292683570978685782087569546541645925711873
3568022434091521209064929714054827290131657982684559122107747820645047279399809619959947984897
50745207951523857195590111488779765904094691309291507514421302338062894640352847928319260229633
10312494630193335811734006297572476940323058742933802268845461024856555330051892075053449217
138568247846294479382091397772027947428781237068572009852713102917803744297923510076263793267048449
2768239198553499466783948131195739540525105060974221989851365923737596764611710152829758864669802497
